-5.503860000000000419e-01 -1.525910000000000100e+00 -1.431240000000000068e+00 -8.678940000000000543e-01 -9.737329999999999597e-01 -6.204899999999999860e-01 0.000000000000000000e+00 1.899898246043597583e-01 2.274859999999999882e+00 9.176495360249559141e-03 0.000000000000000000e+00 nan 5.534203069923413487e-01 1.251619465719999991e-01 4.543550974780000140e-02 6.112580958529999914e-02 -1.000000000000000000e+00 -1.000000000000000000e+00 -1.000000000000000000e+00 -1.000000000000000000e+00 0.000000000000000000e+00 0.000000000000000000e+00
-5.493470000000000297e-01 -8.197149999999999714e-01 -8.253700000000000481e-01 -7.181499999999999551e-01 -8.171779999999999600e-01 -6.145059999999999967e-01 0.000000000000000000e+00 1.779095316689243145e-01 2.961360000000000103e-01 1.292242504202223419e-02 0.000000000000000000e+00 nan 5.839859184709516038e-01 1.138534035869999961e-01 4.904181176669999975e-02 6.212578893679999992e-02 8.702339999999999520e+00 -1.000000000000000000e+00 -1.000000000000000000e+00 -1.000000000000000000e+00 0.000000000000000000e+00 0.000000000000000000e+00
-5.455550000000000122e-01 -3.588160000000000238e-01 -3.896109999999999851e-01 -8.311039999999999539e-01 -8.511889999999999734e-01 -6.128689999999999971e-01 0.000000000000000000e+00 1.671614111459536200e-01 -9.759020000000000472e-01 1.731509358372107510e-02 0.000000000000000000e+00 nan 6.133987195532779602e-01 1.138534035869999961e-01 4.904181176669999975e-02 6.212578893679999992e-02 8.702339999999999520e+00 -1.000000000000000000e+00 -1.000000000000000000e+00 -1.000000000000000000e+00 0.000000000000000000e+00 0.000000000000000000e+00
-5.424069999999999725e-01 -2.060609999999999942e-01 -2.322559999999999902e-01 -8.276069999999999816e-01 -9.411869999999999958e-01 -6.188010000000000455e-01 1.312690270446448260e-03 1.578490065436913836e-01 -9.759020000000000472e-01 2.252664933884485077e-02 0.000000000000000000e+00 nan 6.413254514502986225e-01 8.837879732370000629e-02 4.914250541939999689e-02 5.791291868770000184e-02 7.690769999999999662e+00 1.714920000000000044e+01 -1.000000000000000000e+00 -1.000000000000000000e+00 0.000000000000000000e+00 0.000000000000000000e+00
-5.473630000000000440e-01 -4.896190000000000264e-01 -5.623660000000000325e-01 -7.774389999999999912e-01 -9.097699999999999676e-01 -6.243379999999999486e-01 4.079636483222515153e-03 1.488874161292434994e-01 -9.759020000000000472e-01 2.871996234155271832e-02 0.000000000000000000e+00 nan 6.674496931306642677e-01 8.837879732370000629e-02 4.914250541939999689e-02 5.791291868770000184e-02 7.690769999999999662e+00 1.714920000000000044e+01 -1.000000000000000000e+00 -1.000000000000000000e+00 7.455487362578003818e-01 8.002489757553580274e-01
-5.495679999999999454e-01 -8.862419999999999742e-01 -8.813020000000000298e-01 -8.859620000000000273e-01 -9.376879999999999660e-01 -6.274180000000000312e-01 7.113957023143768765e-03 1.404983638032856197e-01 -5.518889999999999629e-01 3.604677892409913209e-02 0.000000000000000000e+00 nan 6.914754464974192105e-01 8.984566297029999982e-02 5.126740001130000030e-02 6.450491187939999538e-02 1.280760000000000076e+01 2.350969999999999871e+01 2.217150000000000176e+01 -1.000000000000000000e+00 7.455487362578003818e-01 8.002489757553580274e-01
-5.503240000000000354e-01 -1.447999999999999954e+00 -1.257419999999999982e+00 -8.374939999999999607e-01 -9.201540000000000274e-01 -6.290010000000000323e-01 1.049296489002982113e-02 1.328970863811759218e-01 -4.105519999999999725e-01 4.464600237025329044e-02 0.000000000000000000e+00 nan 7.131304901647141925e-01 8.984566297029999982e-02 5.126740001130000030e-02 6.450491187939999538e-02 1.280760000000000076e+01 2.350969999999999871e+01 2.217150000000000176e+01 -1.000000000000000000e+00 8.389468214813023961e-01 7.441720300492928875e-01
-5.500239999999999574e-01 -1.086920000000000108e+00 -1.091480000000000006e+00 -8.502170000000000005e-01 -1.042079999999999895e+00 -6.300980000000000469e-01 1.437707147857048007e-02 1.262898948738327976e-01 -8.345639999999999725e-01 5.464211908559224451e-02 0.000000000000000000e+00 nan 7.321694638348821282e-01 1.188903149039999968e-01 4.723907873989999923e-02 7.484467922269999463e-02 1.522109999999999985e+01 2.481220000000000070e+01 2.075049999999999883e+01 1.916860000000000142e+01 8.389468214813023961e-01 7.441720300492928875e-01
-5.484029999999999738e-01 -6.232889999999999819e-01 -6.630690000000000195e-01 -8.703480000000000105e-01 -9.985439999999999872e-01 -6.244300000000000406e-01 1.892575802145401997e-02 1.208718369015442384e-01 -9.759020000000000472e-01 6.614378811678278680e-02 0.000000000000000000e+00 nan 7.483766483286526938e-01 1.188903149039999968e-01 4.723907873989999923e-02 7.484467922269999463e-02 1.522109999999999985e+01 2.481220000000000070e+01 2.075049999999999883e+01 1.916860000000000142e+01 6.571305103841384998e-01 8.760897173730547438e-01
-5.488570000000000393e-01 -7.104129999999999612e-01 -7.127269999999999994e-01 -9.068030000000000257e-01 -1.006099999999999994e+00 -6.182429999999999870e-01 2.431356971486076102e-02 1.168244867264922604e-01 -8.345639999999999725e-01 7.924261000116461506e-02 0.000000000000000000e+00 nan 7.615684097696485688e-01 9.926708945239999526e-02 4.771981627960000111e-02 8.720614122000000523e-02 1.435169999999999924e+01 1.859489999999999910e+01 1.705020000000000024e+01 1.806540000000000035e+01 6.571305103841384998e-01 8.760897173730547438e-01
-5.502519999999999634e-01 -1.354119999999999990e+00 -1.167259999999999964e+00 -8.280020000000000158e-01 -9.559210000000000207e-01 -6.197040000000000326e-01 3.069582974685525212e-02 1.143138879438088118e-01 -6.932270000000000376e-01 9.401208889606149643e-02 0.000000000000000000e+00 nan 7.715952802295830137e-01 9.926708945239999526e-02 4.771981627960000111e-02 8.720614122000000523e-02 1.435169999999999924e+01 1.859489999999999910e+01 1.705020000000000024e+01 1.806540000000000035e+01 6.082939351692278063e-01 9.441598323898084955e-01
-5.446900000000000075e-01 -3.156349999999999989e-01 -3.214049999999999963e-01 -7.033179999999999987e-01 -8.169880000000000475e-01 -6.131830000000000336e-01 3.821414337594419841e-02 1.134886721412959876e-01 -8.345639999999999725e-01 1.105067997473067054e-01 0.000000000000000000e+00 nan 7.783436512596109136e-01 7.783606198289999556e-02 3.658760585310000257e-02 8.686636231590000312e-02 1.048339999999999961e+01 2.157169999999999987e+01 1.909199999999999875e+01 2.143710000000000093e+01 6.082939351692278063e-01 9.441598323898084955e-01
-5.407960000000000544e-01 -1.479090000000000127e-01 -1.779660000000000131e-01 -8.763609999999999456e-01 -9.334700000000000220e-01 -6.122520000000000184e-01 4.699568583184920989e-02 1.144783748441458027e-01 -9.759020000000000472e-01 1.287617699333006849e-01 0.000000000000000000e+00 nan 7.817370611194496277e-01 7.783606198289999556e-02 3.658760585310000257e-02 8.686636231590000312e-02 1.048339999999999961e+01 2.157169999999999987e+01 1.909199999999999875e+01 2.143710000000000093e+01 7.807009872262492545e-01 9.524542408391989401e-01
-5.464799999999999658e-01 -4.309609999999999830e-01 -4.372590000000000088e-01 -9.213170000000000526e-01 -8.936960000000000459e-01 -6.174420000000000464e-01 5.715202769645211234e-02 1.173919678256791777e-01 -9.759020000000000472e-01 1.487920823908177592e-01 0.000000000000000000e+00 nan 7.817370611194496277e-01 7.653971810609999649e-02 4.759853369440000120e-02 9.709336778209999574e-02 1.021119999999999983e+01 1.818390000000000128e+01 2.435859999999999914e+01 2.681619999999999848e+01 7.807009872262492545e-01 9.524542408391989401e-01
-5.496349999999999847e-01 -8.956420000000000492e-01 -9.368490000000000428e-01 -8.879310000000000258e-01 -9.778459999999999930e-01 -6.259160000000000279e-01 6.877609991640420972e-02 1.223166244136129066e-01 -9.759020000000000472e-01 1.705927047193041002e-01 0.000000000000000000e+00 nan 7.783436512596109136e-01 7.653971810609999649e-02 4.759853369440000120e-02 9.709336778209999574e-02 1.021119999999999983e+01 1.818390000000000128e+01 2.435859999999999914e+01 2.681619999999999848e+01 1.798768410817819241e-01 7.390741258941960767e-01
-5.501089999999999591e-01 -1.110579999999999901e+00 -1.268720000000000070e+00 -7.203469999999999596e-01 -8.398830000000000462e-01 -6.301120000000000054e-01 8.194092254571538891e-02 1.293167317814222228e-01 -9.759020000000000472e-01 1.941385461999884932e-01 0.000000000000000000e+00 nan 7.715952802295830137e-01 5.935635405160000211e-02 3.765506103519999925e-02 1.211474944150000010e-01 1.253669999999999973e+01 1.838830000000000098e+01 2.369440000000000168e+01 3.458370000000000033e+01 1.798768410817819241e-01 7.390741258941960767e-01
-5.483440000000000536e-01 -6.251440000000000330e-01 -6.293940000000000090e-01 -7.953189999999999982e-01 -9.416060000000000541e-01 -6.295929999999999582e-01 9.670353328998626541e-02 1.384331614159388657e-01 -9.759020000000000472e-01 2.193847420837510276e-01 0.000000000000000000e+00 nan 7.615684097696485688e-01 5.935635405160000211e-02 3.765506103519999925e-02 1.211474944150000010e-01 1.253669999999999973e+01 1.838830000000000098e+01 2.369440000000000168e+01 3.458370000000000033e+01 6.156917014347962347e-01 8.132071951840770252e-01
-5.496910000000000407e-01 -9.284289999999999488e-01 -9.269830000000000014e-01 -8.679270000000000040e-01 -9.895699999999999497e-01 -6.296990000000000087e-01 1.131037160862219393e-01 1.496828060270730676e-01 2.961360000000000103e-01 2.462671619266578737e-01 0.000000000000000000e+00 nan 7.483766483286526938e-01 6.123847033520000288e-02 4.273318108440000290e-02 1.318097129390000122e-01 2.342099999999999937e+01 2.860820000000000007e+01 3.917849999999999966e+01 4.842170000000000130e+01 6.156917014347962347e-01 8.132071951840770252e-01
-5.500800000000000134e-01 -1.154740000000000100e+00 -1.070610000000000062e+00 -8.551560000000000272e-01 -1.030049999999999910e+00 -6.305589999999999806e-01 1.311607644002289463e-01 1.630583881466605156e-01 2.961360000000000103e-01 2.747031362135160526e-01 0.000000000000000000e+00 nan 7.321694638348823503e-01 6.123847033520000288e-02 4.273318108440000290e-02 1.318097129390000122e-01 2.342099999999999937e+01 2.860820000000000007e+01 3.917849999999999966e+01 4.842170000000000130e+01 6.441406913155985903e-01 9.733409389327765115e-01
-5.498359999999999914e-01 -9.791699999999999848e-01 -1.012839999999999963e+00 -8.758949999999999791e-01 -9.446799999999999642e-01 -6.307420000000000249e-01 1.508736946080898589e-01 1.785285425850847707e-01 -5.518889999999999629e-01 3.045923930365136423e-01 0.000000000000000000e+00 nan 7.131304901647144145e-01 1.088875000970000034e-01 3.919507688170000004e-02 1.293549955440000121e-01 1.236720000000000041e+01 4.080030000000000001e+01 5.241779999999999973e+01 6.573520000000000607e+01 6.441406913155985903e-01 9.733409389327765115e-01
-5.499439999999999884e-01 -1.118470000000000075e+00 -9.239249999999999963e-01 -9.848909999999999609e-01 -9.882809999999999651e-01 -6.314539999999999598e-01 1.722239708039342565e-01 1.960381718114081462e-01 -5.518889999999999629e-01 3.358181942160021194e-01 0.000000000000000000e+00 nan 6.914754464974192105e-01 1.088875000970000034e-01 3.919507688170000004e-02 1.293549955440000121e-01 1.236720000000000041e+01 4.080030000000000001e+01 5.241779999999999973e+01 6.573520000000000607e+01 6.510600206808208057e-01 8.702743038365227113e-01
-5.494970000000000132e-01 -8.540349999999999886e-01 -8.822259999999999547e-01 -8.642490000000000450e-01 -9.780330000000000412e-01 -6.314060000000000228e-01 1.951726279898354788e-01 2.155090702304134354e-01 -9.759020000000000472e-01 3.682486579907180424e-01 0.000000000000000000e+00 nan 6.674496931306642677e-01 1.893122651880000118e-01 5.133348898639999991e-02 1.129802992160000019e-01 3.552129999999999654e+01 6.115760000000000218e+01 7.497169999999999845e+01 8.168720000000000425e+01 6.510600206808208057e-01 8.702743038365227113e-01
-5.500040000000000484e-01 -1.091560000000000086e+00 -1.046499999999999986e+00 -7.362330000000000263e-01 -8.690440000000000387e-01 -6.308479999999999643e-01 2.196592016385272572e-01 2.368408102832467721e-01 -2.692140000000000088e-01 4.017382532908351234e-01 0.000000000000000000e+00 nan 6.413254514502986225e-01 1.893122651880000118e-01 5.133348898639999991e-02 1.129802992160000019e-01 3.552129999999999654e+01 6.115760000000000218e+01 7.497169999999999845e+01 8.168720000000000425e+01 6.394437785197265578e-01 7.710176435556894692e-01
-5.504459999999999908e-01 -1.685799999999999965e+00 -1.612440000000000095e+00 -9.972199999999999953e-01 -1.191740000000000022e+00 -6.316479999999999873e-01 2.456036012642794919e-01 2.599118803317884696e-01 -1.278769999999999907e-01 4.361294486631369649e-01 0.000000000000000000e+00 nan 6.133987195532779602e-01 2.390212996749999930e-01 5.558464033930000242e-02 8.028382730670000078e-02 2.750179999999999936e+01 8.790370000000000061e+01 9.967079999999999984e+01 9.913269999999999982e+01 6.394437785197265578e-01 7.710176435556894692e-01
-5.502089999999999481e-01 -1.317090000000000094e+00 -1.102039999999999909e+00 -7.249630000000000241e-01 -9.539969999999999839e-01 -5.937689999999999912e-01 2.729111468184064471e-01 2.845810614340666955e-01 1.346070000000000079e-02 4.712544971653278569e-01 0.000000000000000000e+00 nan 5.839859184709517148e-01 2.390212996749999930e-01 5.558464033930000242e-02 8.028382730670000078e-02 2.750179999999999936e+01 8.790370000000000061e+01 9.967079999999999984e+01 9.913269999999999982e+01 2.595906020588220064e-01 5.320296187872656235e-01
-5.493689999999999962e-01 -8.105069999999999775e-01 -8.641140000000000487e-01 -7.787859999999999783e-01 -9.203270000000000062e-01 -5.369180000000000064e-01 3.014714542742574777e-01 3.106890274112975581e-01 -2.692140000000000088e-01 5.069373370059179207e-01 0.000000000000000000e+00 nan 5.534203069923414597e-01 3.287689011589999821e-01 6.126435539129999885e-02 9.501746786360000530e-02 5.303790000000000049e+01 1.183730000000000047e+02 1.264369999999999976e+02 1.107900000000000063e+02 2.595906020588220064e-01 5.320296187872656235e-01
-5.498889999999999612e-01 -1.044650000000000079e+00 -9.564859999999999474e-01 -7.065590000000000481e-01 -8.179800000000000404e-01 -2.287530000000000119e-01 3.311531828690074120e-01 3.380601500771552859e-01 -4.105519999999999725e-01 5.429955863946711592e-01 0.000000000000000000e+00 nan 5.220482057088984273e-01 3.287689011589999821e-01 6.126435539129999885e-02 9.501746786360000530e-02 5.303790000000000049e+01 1.183730000000000047e+02 1.264369999999999976e+02 1.107900000000000063e+02 2.669729348759922738e-01 5.126712156761449313e-01
-2.474689999999999945e-01 8.466949999999999754e-01 8.751269999999999882e-01 1.480410000000000004e+00 1.249619999999999953e+00 8.396380000000000510e-02 3.618187772139038749e-01 3.665044891752995415e-01 1.547979999999999912e-01 5.792426100011645040e-01 0.000000000000000000e+00 nan 4.902250730638197940e-01 4.490249131879999744e-01 5.203076497220000124e-02 1.320267617180000130e-01 5.247189999999999799e+01 1.244389999999999930e+02 1.373729999999999905e+02 1.200169999999999959e+02 2.669729348759922738e-01 5.126712156761449313e-01
-2.150509999999999922e-01 8.493929999999999536e-01 9.802530000000000410e-01 3.307930000000000037e-01 3.337490000000000179e-01 7.395199999999999552e-01 3.933251593325938211e-01 3.958199444783770948e-01 1.547979999999999912e-01 6.154896336076579599e-01 0.000000000000000000e+00 nan 4.583114778658528010e-01 4.490249131879999744e-01 5.203076497220000124e-02 1.320267617180000130e-01 5.247189999999999799e+01 1.244389999999999930e+02 1.373729999999999905e+02 1.200169999999999959e+02 2.999439251374862447e-01 4.223834226632512401e-01
2.435360000000000191e+00 1.535130000000000106e+00 1.383380000000000054e+00 1.435370000000000035e+00 1.325569999999999915e+00 1.703319999999999945e+00 4.255100010747772110e-01 4.257945456643520421e-01 2.961360000000000103e-01 6.515478829964109764e-01 0.000000000000000000e+00 nan 4.266690139006162896e-01 5.596918525540000022e-01 3.184832442720000184e-02 1.458593851420000032e-01 2.936820000000000164e+01 9.366910000000000025e+01 1.134629999999999939e+02 1.098649999999999949e+02 2.999439251374862447e-01 4.223834226632512401e-01
2.682659999999999823e+00 1.555309999999999970e+00 1.301050000000000040e+00 2.085710000000000175e+00 1.978920000000000012e+00 3.261690000000000200e+00 4.581982448884256431e-01 4.562088540249545909e-01 1.547979999999999912e-01 6.872307228370011511e-01 0.000000000000000000e+00 nan 3.956562029285231041e-01 5.596918525540000022e-01 3.184832442720000184e-02 1.458593851420000032e-01 2.936820000000000164e+01 9.366910000000000025e+01 1.134629999999999939e+02 1.098649999999999949e+02 3.360016050786335251e-01 4.391516169073910181e-01
2.712530000000000108e+00 1.558840000000000003e+00 1.291789999999999994e+00 2.082430000000000003e+00 1.865399999999999947e+00 3.091299999999999937e+00 4.912113182137187728e-01 4.878370043926389954e-01 2.961360000000000103e-01 7.223557713391922652e-01 0.000000000000000000e+00 nan 3.626736178609648587e-01 6.200797103640000030e-01 2.401594182750000153e-02 1.439547739729999942e-01 2.128130000000000166e+01 5.626310000000000144e+01 8.437099999999999511e+01 9.386719999999999686e+01 3.360016050786335251e-01 4.391516169073910181e-01
3.278090000000000170e+00 1.609569999999999945e+00 1.298019999999999952e+00 2.104779999999999873e+00 2.051740000000000119e+00 2.955509999999999859e+00 5.243642506448903395e-01 5.195477292449961482e-01 2.961360000000000103e-01 7.567469667114938847e-01 0.000000000000000000e+00 nan 3.307341297708775718e-01 6.200797103640000030e-01 2.401594182750000153e-02 1.439547739729999942e-01 2.128130000000000166e+01 5.626310000000000144e+01 8.437099999999999511e+01 9.386719999999999686e+01 3.493515379431328949e-01 4.338025844687919408e-01
2.909180000000000099e+00 1.576750000000000096e+00 1.313309999999999977e+00 1.925419999999999909e+00 1.828989999999999894e+00 2.683059999999999778e+00 5.574663878901791048e-01 5.511758793730051620e-01 2.961360000000000103e-01 7.902365620116110767e-01 0.000000000000000000e+00 nan 2.999810664843365338e-01 6.694978380370000259e-01 2.242534546259999928e-02 1.225263358589999962e-01 1.136170000000000080e+01 3.822180000000000177e+01 5.831219999999999715e+01 7.740470000000000539e+01 3.493515379431328949e-01 4.338025844687919408e-01
2.961230000000000029e+00 1.581220000000000070e+00 1.341439999999999966e+00 1.932199999999999918e+00 1.756089999999999929e+00 2.262100000000000222e+00 5.903306073301992640e-01 5.825572411722670374e-01 5.788109999999999644e-01 8.197653721357262002e-01 0.000000000000000000e+00 nan 2.705443131603224582e-01 6.694978380370000259e-01 2.242534546259999928e-02 1.225263358589999962e-01 1.136170000000000080e+01 3.822180000000000177e+01 5.831219999999999715e+01 7.740470000000000539e+01 3.612815935549918978e-01 4.304984537672830180e-01
2.476039999999999797e+00 1.534669999999999979e+00 1.363310000000000022e+00 1.888719999999999954e+00 1.745570000000000066e+00 2.107219999999999871e+00 6.227728819655005132e-01 6.135303972487589075e-01 5.788109999999999644e-01 8.479949985906172216e-01 0.000000000000000000e+00 nan 2.425388406399685559e-01 7.034933834769999672e-01 2.288850342050000042e-02 9.924482858460000056e-02 7.919109999999999872e+00 2.534890000000000043e+01 4.230180000000000007e+01 5.593650000000000233e+01 3.612815935549918978e-01 4.304984537672830180e-01
2.433040000000000092e+00 1.530399999999999983e+00 1.380859999999999976e+00 1.796610000000000040e+00 1.687500000000000000e+00 1.856130000000000058e+00 6.546104523410651854e-01 6.439385553424081809e-01 2.961360000000000103e-01 8.746055884285635074e-01 0.000000000000000000e+00 nan 2.160634027809930080e-01 7.034933834769999672e-01 2.288850342050000042e-02 9.924482858460000056e-02 7.919109999999999872e+00 2.534890000000000043e+01 4.230180000000000007e+01 5.593650000000000233e+01 3.648878759973865904e-01 4.387677493883231916e-01
2.265750000000000153e+00 1.512210000000000054e+00 1.396730000000000027e+00 1.878800000000000026e+00 1.616570000000000062e+00 1.819849999999999968e+00 6.856705160202204441e-01 6.736313248460490399e-01 1.547979999999999912e-01 8.992956330336491222e-01 0.000000000000000000e+00 nan 1.911994175370289595e-01 7.250207019509999906e-01 2.609952283620000160e-02 9.120807228320000626e-02 5.783150000000000013e+00 1.573499999999999943e+01 2.611939999999999884e+01 3.905420000000000158e+01 3.648878759973865904e-01 4.387677493883231916e-01
2.162690000000000001e+00 1.500809999999999977e+00 1.413049999999999917e+00 1.886619999999999964e+00 1.555460000000000065e+00 2.198719999999999786e+00 7.157909700802919106e-01 7.024664207910955582e-01 1.547979999999999912e-01 9.217853843348569054e-01 8.173471638603047040e-03 nan 1.680100444596779319e-01 7.250207019509999906e-01 2.609952283620000160e-02 9.120807228320000626e-02 5.783150000000000013e+00 1.573499999999999943e+01 2.611939999999999884e+01 3.905420000000000158e+01 3.868496730681181273e-01 4.398404259135687555e-01
2.007280000000000175e+00 1.481989999999999919e+00 1.426090000000000080e+00 1.843280000000000030e+00 1.612900000000000000e+00 2.458149999999999835e+00 7.448142025039128367e-01 7.303112759930893150e-01 1.547979999999999912e-01 9.418200244634957752e-01 1.661319328861043942e-02 nan 1.465394690755527085e-01 7.423524716520000233e-01 3.221422453910000039e-02 8.215718216389999995e-02 2.639219999999999899e+00 9.720480000000000231e+00 1.624030000000000129e+01 2.478910000000000124e+01 3.868496730681181273e-01 4.398404259135687555e-01
2.210879999999999956e+00 1.506080000000000085e+00 1.460760000000000058e+00 1.923799999999999955e+00 1.533179999999999987e+00 2.328219999999999956e+00 7.725923533232278428e-01 7.570445430908714357e-01 1.547979999999999912e-01 9.591725529414723006e-01 2.584864825381383291e-02 nan 1.268124022466050604e-01 7.423524716520000233e-01 3.221422453910000039e-02 8.215718216389999995e-02 2.639219999999999899e+00 9.720480000000000231e+00 1.624030000000000129e+01 2.478910000000000124e+01 3.975913531533107337e-01 4.392484806738847780e-01
2.224419999999999842e+00 1.507649999999999935e+00 1.467729999999999979e+00 1.744599999999999929e+00 1.642479999999999940e+00 2.336040000000000116e+00 7.989969156912543058e-01 7.825574694606710624e-01 4.374730000000000008e-01 9.736463586874123388e-01 3.640030386158465969e-02 nan 1.088338001861857141e-01 7.536627606810000213e-01 3.669071227339999741e-02 8.328285364119999978e-02 3.230490000000000084e+00 6.860809999999999853e+00 1.235899999999999999e+01 1.750479999999999947e+01 3.975913531533107337e-01 4.392484806738847780e-01
1.980709999999999971e+00 1.478730000000000100e+00 1.453810000000000047e+00 1.675659999999999927e+00 1.542890000000000095e+00 2.308860000000000134e+00 8.238922847293919105e-01 8.067551294267893969e-01 4.374730000000000008e-01 9.850774476987750328e-01 4.877371436008670624e-02 nan 9.258880830316740251e-02 7.536627606810000213e-01 3.669071227339999741e-02 8.328285364119999978e-02 3.230490000000000084e+00 6.860809999999999853e+00 1.235899999999999999e+01 1.750479999999999947e+01 3.901369975769486409e-01 4.291818240523495032e-01
2.068929999999999936e+00 1.489460000000000006e+00 1.447440000000000060e+00 1.613439999999999985e+00 1.542200000000000015e+00 2.210980000000000167e+00 8.472024340418464750e-01 8.295574998074347617e-01 2.961360000000000103e-01 9.933363011694301692e-01 6.345379278663620948e-02 nan 7.804292951039693005e-02 7.573412048519999606e-01 3.974198137689999993e-02 8.372838994310000116e-02 1.694129999999999914e+00 6.943699999999999761e+00 1.129400000000000048e+01 1.469430000000000014e+01 3.901369975769486409e-01 4.291818240523495032e-01
2.001580000000000137e+00 1.481319999999999970e+00 1.442579999999999973e+00 1.506729999999999903e+00 1.495440000000000103e+00 2.140369999999999884e+00 8.688451665278982272e-01 8.509003666093486462e-01 5.788109999999999644e-01 9.983293429894851689e-01 8.089931670922601015e-02 nan 6.514241509047768997e-02 7.573412048519999606e-01 3.974198137689999993e-02 8.372838994310000116e-02 1.694129999999999914e+00 6.943699999999999761e+00 1.129400000000000048e+01 1.469430000000000014e+01 3.722650643317573227e-01 4.240085814122019903e-01
2.114320000000000199e+00 1.494899999999999896e+00 1.446560000000000068e+00 1.480699999999999905e+00 1.485230000000000050e+00 2.045799999999999841e+00 8.887354825961899518e-01 8.707360525980072374e-01 5.788109999999999644e-01 1.000000000000000000e+00 1.015377300933634208e-01 nan 5.381487369021442646e-02 7.408501285220000510e-01 4.454584180360000173e-02 9.039414193000000486e-02 2.489069999999999894e+00 6.572470000000000034e+00 1.156290000000000084e+01 1.335110000000000063e+01 3.722650643317573227e-01 4.240085814122019903e-01
1.884660000000000002e+00 1.467039999999999900e+00 1.427089999999999970e+00 1.535910000000000108e+00 1.532569999999999988e+00 1.891420000000000101e+00 9.068657506150934466e-01 8.890339574997401240e-01 7.201480000000000103e-01 9.983293429894849469e-01 1.257603001911424823e-01 nan 4.397009154357078842e-02 7.408501285220000510e-01 4.454584180360000173e-02 9.039414193000000486e-02 2.489069999999999894e+00 6.572470000000000034e+00 1.156290000000000084e+01 1.335110000000000063e+01 3.759742364301404960e-01 4.041443341871694406e-01
1.812389999999999946e+00 1.457600000000000007e+00 1.406500000000000083e+00 1.607590000000000074e+00 1.678670000000000107e+00 1.688250000000000028e+00 9.232121861280264685e-01 9.057809047150577886e-01 7.201480000000000103e-01 9.933363011694302802e-01 1.539176843269349781e-01 nan 3.550105462968700110e-02 7.239689447599999550e-01 4.735770800010000170e-02 1.005883195789999962e-01 2.038749999999999840e+00 7.161550000000000082e+00 9.334830000000000183e+00 1.089990000000000059e+01 3.759742364301404960e-01 4.041443341871694406e-01
1.629280000000000062e+00 1.432209999999999983e+00 1.364069999999999894e+00 1.580019999999999980e+00 1.706509999999999971e+00 1.434180000000000010e+00 9.377598755027133359e-01 9.209812906147888389e-01 1.002820000000000045e+00 9.879791013493758323e-01 1.781424851711874702e-01 nan 2.828516118449542205e-02 7.239689447599999550e-01 4.735770800010000170e-02 1.005883195789999962e-01 2.038749999999999840e+00 7.161550000000000082e+00 9.334830000000000183e+00 1.089990000000000059e+01 3.847815909827505543e-01 4.037891670433590985e-01
1.402239999999999931e+00 1.398409999999999931e+00 1.345409999999999995e+00 1.482920000000000016e+00 1.704949999999999966e+00 1.162039999999999962e+00 9.505485488181431020e-01 9.346570347274423263e-01 1.285500000000000087e+00 9.795441870626108161e-01 2.065999477006026375e-01 nan 2.218561082769809900e-02 7.124823192689999640e-01 4.855686290019999712e-02 1.090250281960000039e-01 2.956920000000000215e+00 6.502119999999999678e+00 8.573079999999999146e+00 9.045799999999999841e+00 3.847815909827505543e-01 4.037891670433590985e-01
1.309660000000000046e+00 1.383199999999999985e+00 1.315160000000000107e+00 1.290359999999999951e+00 1.658949999999999925e+00 9.110730000000000217e-01 9.616281492796848740e-01 9.468473313821909043e-01 1.285500000000000087e+00 9.683490483017220818e-01 2.389676374936970937e-01 nan 1.705295456573696633e-02 7.124823192689999640e-01 4.855686290019999712e-02 1.090250281960000039e-01 2.956920000000000215e+00 6.502119999999999678e+00 8.573079999999999146e+00 9.045799999999999841e+00 3.808254837099952494e-01 4.231977958111802218e-01
1.053989999999999982e+00 1.336359999999999992e+00 1.271360000000000046e+00 1.363280000000000047e+00 1.578279999999999905e+00 7.153479999999999839e-01 9.710309103154296517e-01 9.576082056214594296e-01 1.002820000000000045e+00 9.547424495055181204e-01 2.748788156916426306e-01 nan 1.272678810860849996e-02 7.036787695580000168e-01 4.956194327400000044e-02 1.201463472540000021e-01 2.950120000000000076e+00 7.250130000000000408e+00 9.119469999999999743e+00 9.739050000000000651e+00 3.808254837099952494e-01 4.231977958111802218e-01
9.618280000000000163e-01 1.317660000000000053e+00 1.231249999999999956e+00 1.250420000000000087e+00 1.470569999999999933e+00 6.488319999999999643e-01 9.788510217336099384e-01 9.670118784148090674e-01 7.201480000000000103e-01 9.391004779185782025e-01 3.139265942960777211e-01 nan 9.037569314563453915e-03 7.036787695580000168e-01 4.956194327400000044e-02 1.201463472540000021e-01 2.950120000000000076e+00 7.250130000000000408e+00 9.119469999999999743e+00 9.739050000000000651e+00 3.631387518455833074e-01 4.430763932238414027e-01
7.807720000000000216e-01 1.277910000000000101e+00 1.208129999999999926e+00 1.154670000000000085e+00 1.346940000000000026e+00 6.228989999999999805e-01 9.851953313163315240e-01 9.751459483664929317e-01 5.788109999999999644e-01 9.218222823724938619e-01 3.556685463727132790e-01 nan 5.808539170318316458e-03 6.931337352190000134e-01 5.736523972709999669e-02 1.209880891729999963e-01 2.728380000000000027e+00 9.041389999999999816e+00 1.183580000000000076e+01 1.166859999999999964e+01 3.631387518455833074e-01 4.430763932238414027e-01
6.179750000000000520e-01 1.237030000000000074e+00 1.188970000000000082e+00 9.233170000000000543e-01 1.176320000000000032e+00 5.876139999999999697e-01 9.901776916969239339e-01 9.821123991882679816e-01 5.788109999999999644e-01 9.004238971195156482e-01 3.996317189252835966e-01 nan 2.857724541305284305e-03 6.931337352190000134e-01 5.736523972709999669e-02 1.209880891729999963e-01 2.728380000000000027e+00 9.041389999999999816e+00 1.183580000000000076e+01 1.166859999999999964e+01 3.514762093392941322e-01 4.449168047872226195e-01
5.547130000000000116e-01 1.219610000000000083e+00 1.198550000000000004e+00 7.945160000000000000e-01 1.063090000000000090e+00 5.631660000000000554e-01 9.939356091424561557e-01 9.880264441831898559e-01 7.201480000000000103e-01 8.781439491395180985e-01 4.453179916419752749e-01 nan 0.000000000000000000e+00 6.551666514820000398e-01 7.502326361819999789e-02 1.223247382960000046e-01 4.054240000000000066e+00 9.198309999999999320e+00 1.199140000000000050e+01 1.299639999999999951e+01 3.514762093392941322e-01 4.449168047872226195e-01
3.544629999999999725e-01 1.157270000000000021e+00 1.160649999999999959e+00 6.565020000000000300e-01 9.769609999999999683e-01 5.495200000000000085e-01 9.966357844565804092e-01 9.930152208328526520e-01 7.201480000000000103e-01 8.552348791457301536e-01 4.922097207976001698e-01 nan 2.857724541305284305e-03 6.551666514820000398e-01 7.502326361819999789e-02 1.223247382960000046e-01 4.054240000000000066e+00 9.198309999999999320e+00 1.199140000000000050e+01 1.299639999999999951e+01 3.434662496205943549e-01 4.443822602980533887e-01
2.850230000000000263e-01 1.133010000000000073e+00 1.158919999999999950e+00 8.670919999999999739e-01 1.056850000000000067e+00 5.164360000000000062e-01 9.984443545239760631e-01 9.972163502789205269e-01 7.201480000000000103e-01 8.319562560551811981e-01 5.397756043638406442e-01 nan 5.808539170318316458e-03 6.292658773389999682e-01 9.163876833020000168e-02 1.315937843910000016e-01 2.481090000000000018e+00 8.265259999999999607e+00 1.169790000000000063e+01 1.342450000000000010e+01 3.434662496205943549e-01 4.443822602980533887e-01
1.663060000000000094e-01 1.085900000000000087e+00 1.124849999999999905e+00 7.984520000000000506e-01 1.006750000000000034e+00 4.430479999999999974e-01 9.994897558962905215e-01 9.995071233640840935e-01 7.201480000000000103e-01 8.055756612445557074e-01 5.874767018735282953e-01 nan 9.037569314563453915e-03 6.292658773389999682e-01 9.163876833020000168e-02 1.315937843910000016e-01 2.481090000000000018e+00 8.265259999999999607e+00 1.169790000000000063e+01 1.342450000000000010e+01 3.374626381936691732e-01 4.449024545995938773e-01
5.561309999999999865e-02 1.034140000000000059e+00 1.090880000000000072e+00 6.588030000000000275e-01 8.642180000000000417e-01 4.330950000000000077e-01 9.999521476424011457e-01 1.000000000000000000e+00 7.201480000000000103e-01 7.790717320015121405e-01 6.347725408314872642e-01 nan 1.272678810860849996e-02 5.956480832839999850e-01 1.036571822949999971e-01 1.532994087489999990e-01 3.685410000000000075e+00 1.025290000000000035e+01 1.374660000000000082e+01 1.660640000000000072e+01 3.374626381936691732e-01 4.449024545995938773e-01
-3.291949999999999737e-02 9.846420000000000172e-01 1.067150000000000043e+00 6.063899999999999846e-01 8.349159999999999915e-01 3.620559999999999889e-01 1.000000000000000000e+00 1.000000000000000000e+00 4.374730000000000008e-01 7.525228493915099293e-01 6.811272404838653038e-01 nan 1.705295456573696633e-02 5.956480832839999850e-01 1.036571822949999971e-01 1.532994087489999990e-01 3.685410000000000075e+00 1.025290000000000035e+01 1.374660000000000082e+01 1.660640000000000072e+01 3.151870276721729924e-01 4.302078624678017382e-01
-6.980480000000000018e-02 9.602669999999999817e-01 1.058200000000000029e+00 4.506919999999999815e-01 7.407869999999999733e-01 2.263350000000000084e-01 9.997807778506209164e-01 9.995071233640840935e-01 1.547979999999999912e-01 7.260079038196187717e-01 7.260155835612027708e-01 nan 2.218561082769809900e-02 5.490252179919999920e-01 1.088266393959999995e-01 1.884950473479999888e-01 5.031880000000000130e+00 1.255380000000000074e+01 1.731269999999999953e+01 2.062679999999999936e+01 3.151870276721729924e-01 4.302078624678017382e-01
-9.758350000000000357e-02 9.407200000000000006e-01 1.025700000000000056e+00 6.146019999999999817e-01 7.222769999999999468e-01 1.557560000000000056e-01 9.986367043918596975e-01 9.972163502789205269e-01 4.374730000000000008e-01 6.996054011707053544e-01 7.689289671999617326e-01 nan 2.828516118449542205e-02 5.490252179919999920e-01 1.088266393959999995e-01 1.884950473479999888e-01 5.031880000000000130e+00 1.255380000000000074e+01 1.731269999999999953e+01 2.062679999999999936e+01 3.051089858681057532e-01 4.112727898917278857e-01
-9.629000000000000059e-02 9.416980000000000350e-01 1.024950000000000028e+00 2.647160000000000069e-01 6.857809999999999739e-01 1.226180000000000048e-01 9.951183157008457458e-01 9.930152208328526520e-01 7.201480000000000103e-01 6.733925733063900188e-01 8.093811656161968848e-01 nan 3.550105462968700110e-02 5.335158461850000311e-01 9.891542380729999306e-02 2.045294479270000076e-01 3.724299999999999944e+00 1.255090000000000039e+01 1.827769999999999939e+01 2.310419999999999874e+01 3.051089858681057532e-01 4.112727898917278857e-01
-8.023399999999999976e-02 9.523430000000000506e-01 1.039909999999999890e+00 8.377049999999999774e-02 6.166819999999999524e-01 7.686909999999999576e-02 9.899693503081252732e-01 9.880264441831898559e-01 2.961360000000000103e-01 6.474445029971924725e-01 8.469138392379739200e-01 nan 4.397009154357078842e-02 5.335158461850000311e-01 9.891542380729999306e-02 2.045294479270000076e-01 3.724299999999999944e+00 1.255090000000000039e+01 1.827769999999999939e+01 2.310419999999999874e+01 2.995683778931285124e-01 3.885456802347690974e-01
-1.048680000000000029e-01 9.355310000000000015e-01 1.027800000000000047e+00 6.622300000000000408e-02 5.713810000000000278e-01 1.227749999999999952e-01 9.846651591911586010e-01 9.821123991882679816e-01 1.547979999999999912e-01 6.218332732047416878e-01 8.811017278758628279e-01 nan 5.381487369021420442e-02 4.714118213169999905e-01 1.265615476939999928e-01 2.124248656369999988e-01 5.621139999999999581e+00 1.284619999999999962e+01 1.974239999999999995e+01 2.494460000000000122e+01 2.995683778931285124e-01 3.885456802347690974e-01
-7.828830000000000511e-02 9.540570000000000439e-01 1.049339999999999939e+00 2.224810000000000121e-01 6.439059999999999784e-01 2.074509999999999965e-01 9.791513323799519997e-01 9.751459483664929317e-01 1.547979999999999912e-01 5.966271503530173881e-01 9.115574690908090361e-01 nan 6.514241509047768997e-02 4.714118213169999905e-01 1.265615476939999928e-01 2.124248656369999988e-01 5.621139999999999581e+00 1.284619999999999962e+01 1.974239999999999995e+01 2.494460000000000122e+01 2.452066281516387392e-01 3.627225175969175375e-01
-1.378359999999999863e-01 9.126889999999999725e-01 1.049430000000000085e+00 2.332519999999999871e-01 6.558819999999999650e-01 2.354710000000000136e-01 9.732926509122454828e-01 9.670118784148090674e-01 1.346070000000000079e-02 5.718898108424881332e-01 9.379359871653506486e-01 nan 7.804292951039681903e-02 3.707280134850000075e-01 2.024537825609999953e-01 2.153498910939999900e-01 5.784849999999999604e+00 1.883520000000000039e+01 2.488850000000000051e+01 2.794750000000000156e+01 2.452066281516387392e-01 3.627225175969175375e-01
-8.842450000000000310e-02 9.498100000000000431e-01 1.083080000000000043e+00 1.539109999999999923e-01 6.973070000000000102e-01 6.877750000000000530e-02 9.669538873140399726e-01 9.576082056214594296e-01 -1.278769999999999907e-01 5.476796195710504911e-01 9.599384029493817083e-01 nan 9.258880830316740251e-02 3.707280134850000075e-01 2.024537825609999953e-01 2.153498910939999900e-01 5.784849999999999604e+00 1.883520000000000039e+01 2.488850000000000051e+01 2.794750000000000156e+01 1.622981433561576647e-01 3.902103019996986388e-01
-2.840670000000000139e-01 7.763849999999999918e-01 9.651610000000000467e-01 2.627809999999999868e-01 4.619659999999999878e-01 9.957380000000000397e-02 9.599825292541364075e-01 9.468473313821909043e-01 -4.105519999999999725e-01 5.240489686364140365e-01 9.773154202803502333e-01 nan 1.088338001861857141e-01 3.008223127960000243e-01 3.039825226680000214e-01 1.859489852679999944e-01 1.030410000000000004e+01 2.169000000000000128e+01 2.771020000000000039e+01 3.140759999999999863e+01 1.622981433561576647e-01 3.902103019996986388e-01
1.790940000000000032e-01 1.092330000000000023e+00 1.266559999999999908e+00 5.870379999999999487e-01 7.652120000000000033e-01 1.418210000000000026e-01 9.522422581908711603e-01 9.346570347274423263e-01 -5.518889999999999629e-01 5.010436837127003606e-01 9.898701506083923407e-01 nan 1.268124022466048384e-01 3.008223127960000243e-01 3.039825226680000214e-01 1.859489852679999944e-01 1.030410000000000004e+01 2.169000000000000128e+01 2.771020000000000039e+01 3.140759999999999863e+01 1.147888447034978165e-01 4.263727748240307980e-01
-4.758640000000000092e-01 3.834779999999999855e-01 6.090969999999999995e-01 7.577549999999999564e-02 3.657719999999999860e-01 1.287089999999999901e-01 9.436075225597044813e-01 9.209812906147888389e-01 -5.518889999999999629e-01 4.787025048272431915e-01 9.974603438222758856e-01 nan 1.465394690755527085e-01 2.806316720379999907e-01 4.185922250329999761e-01 1.477714730709999980e-01 5.724479999999999791e+00 1.841890000000000072e+01 2.779149999999999920e+01 3.250690000000000168e+01 1.147888447034978165e-01 4.263727748240307980e-01
-1.796369999999999911e-01 8.793910000000000338e-01 1.092600000000000016e+00 -2.362890000000000129e-02 3.996839999999999837e-01 1.688739999999999963e-01 9.339641346663161148e-01 9.057809047150577886e-01 -4.105519999999999725e-01 4.570566474206002594e-01 1.000000000000000000e+00 nan 1.680100444596779319e-01 2.806316720379999907e-01 4.185922250329999761e-01 1.477714730709999980e-01 5.724479999999999791e+00 1.841890000000000072e+01 2.779149999999999920e+01 3.250690000000000168e+01 1.548489322625949960e-01 4.443033342660955842e-01
4.954750000000000126e-02 1.028690000000000104e+00 1.232229999999999936e+00 1.491919999999999913e-01 5.346760000000000401e-01 2.304680000000000062e-01 9.232103544202294731e-01 8.890339574997401240e-01 -5.518889999999999629e-01 4.361294486631369649e-01 9.974603438222758856e-01 nan 1.911994175370289595e-01 2.925554624610000043e-01 4.839350210419999798e-01 9.931354825089999672e-02 6.703960000000000363e+00 1.526140000000000008e+01 2.529589999999999961e+01 3.380749999999999744e+01 1.548489322625949960e-01 4.443033342660955842e-01
-4.030779999999999919e-01 5.917860000000000342e-01 8.078030000000000488e-01 -1.933129999999999918e-02 2.543270000000000253e-01 2.666399999999999881e-01 9.112599408976262971e-01 8.707360525980072374e-01 -4.105519999999999725e-01 4.159361030355629429e-01 9.898701506083924517e-01 nan 2.160634027809930080e-01 2.925554624610000043e-01 4.839350210419999798e-01 9.931354825089999672e-02 6.703960000000000363e+00 1.526140000000000008e+01 2.529589999999999961e+01 3.380749999999999744e+01 1.478524356553814201e-01 4.646554878705039249e-01
2.054129999999999845e-02 1.013589999999999991e+00 1.215710000000000068e+00 2.791590000000000044e-03 3.714350000000000152e-01 2.127989999999999882e-01 8.980435557833039706e-01 8.509003666093486462e-01 -5.518889999999999629e-01 3.964834901693927716e-01 9.773154202803503443e-01 nan 2.425388406399685559e-01 3.814812270010000117e-01 4.140019594459999897e-01 7.363088095979999914e-02 4.355690000000000062e+00 1.721630000000000038e+01 2.876820000000000022e+01 3.580519999999999925e+01 1.478524356553814201e-01 4.646554878705039249e-01
-3.366770000000000040e-01 7.086700000000000221e-01 9.221549999999999470e-01 -3.354759999999999964e-01 -1.202680000000000068e-02 3.829600000000000226e-01 8.835048552146643752e-01 8.295574998074347617e-01 -4.105519999999999725e-01 3.777700968979731400e-01 9.599384029493817083e-01 nan 2.705443131603223472e-01 3.814812270010000117e-01 4.140019594459999897e-01 7.363088095979999914e-02 4.355690000000000062e+00 1.721630000000000038e+01 2.876820000000000022e+01 3.580519999999999925e+01 1.425947742343723901e-01 4.693731120534400114e-01
1.356440000000000044e-04 1.001940000000000053e+00 1.219570000000000043e+00 -2.284069999999999989e-01 2.617970000000000019e-01 2.780839999999999979e-01 8.676016733140183845e-01 8.067551294267893969e-01 -4.105519999999999725e-01 3.597860344012642209e-01 9.379359871653506486e-01 nan 2.999810664843365338e-01 4.665212710350000180e-01 2.913200601609999829e-01 7.409846250969999437e-02 8.253429999999999822e+00 2.319269999999999854e+01 3.448890000000000100e+01 3.981920000000000215e+01 1.425947742343723901e-01 4.693731120534400114e-01
-3.532440000000000024e-01 6.888739999999999863e-01 9.153059999999999530e-01 -4.797759999999999803e-01 -1.226330000000000059e-01 2.689039999999999764e-01 8.503093108877680661e-01 7.825574694606710624e-01 -4.105519999999999725e-01 3.425131502501236325e-01 9.115574690908091471e-01 nan 3.307341297708773498e-01 4.665212710350000180e-01 2.913200601609999829e-01 7.409846250969999437e-02 8.253429999999999822e+00 2.319269999999999854e+01 3.448890000000000100e+01 3.981920000000000215e+01 1.363545165986737029e-01 5.033113057953233493e-01
-1.359869999999999968e-01 9.140430000000000499e-01 1.133909999999999973e+00 -2.054620000000000057e-01 1.234330000000000011e-01 9.371359999999999413e-02 8.316204804093110248e-01 7.570445430908714357e-01 -2.692140000000000088e-01 3.259252340805809389e-01 8.811017278758630500e-01 nan 3.626736178609647476e-01 4.658964581980000186e-01 2.101014107929999875e-01 8.097124791939999677e-02 1.115579999999999927e+01 2.917439999999999856e+01 3.853770000000000095e+01 4.244599999999999795e+01 1.363545165986737029e-01 5.033113057953233493e-01
-2.963810000000000056e-01 7.646800000000000264e-01 1.022890000000000077e+00 -2.539710000000000023e-01 3.743600000000000139e-03 1.293170000000000083e-02 8.115426599217688830e-01 7.303112759930894260e-01 -4.105519999999999725e-01 3.099883145677349017e-01 8.469138392379739200e-01 nan 3.956562029285229931e-01 4.658964581980000186e-01 2.101014107929999875e-01 8.097124791939999677e-02 1.115579999999999927e+01 2.917439999999999856e+01 3.853770000000000095e+01 4.244599999999999795e+01 1.171758847224294575e-01 5.678656248430449249e-01
-3.451989999999999781e-01 6.932030000000000136e-01 9.480979999999999963e-01 -6.597180000000000266e-01 -2.572820000000000107e-01 -2.221470000000000111e-01 7.901010801331496136e-01 7.024664207910955582e-01 -4.105519999999999725e-01 2.946610443344389596e-01 8.093811656161968848e-01 nan 4.295267384419215739e-01 3.951034454640000027e-01 1.310290617160000115e-01 9.299766210779999986e-02 1.329710000000000036e+01 3.710860000000000269e+01 4.518730000000000047e+01 4.490599999999999881e+01 1.171758847224294575e-01 5.678656248430449249e-01
-3.914340000000000042e-01 6.143459999999999477e-01 8.656620000000000426e-01 -4.561959999999999904e-01 -1.425329999999999930e-01 -3.673569999999999891e-01 7.673400742594025381e-01 6.736313248460491510e-01 -4.105519999999999725e-01 2.798951684336056234e-01 7.689289671999618436e-01 nan 4.612622924948657221e-01 3.951034454640000027e-01 1.310290617160000115e-01 9.299766210779999986e-02 1.329710000000000036e+01 3.710860000000000269e+01 4.518730000000000047e+01 4.490599999999999881e+01 1.264668206581850418e-01 4.969649353165292993e-01
-4.585339999999999971e-01 4.469090000000000007e-01 6.916210000000000413e-01 -4.312429999999999874e-01 -5.999670000000000003e-02 -5.043769999999999643e-01 7.433215056000722631e-01 6.439385553424082920e-01 -4.105519999999999725e-01 2.656360710960388172e-01 7.260155835612029929e-01 nan 4.934541032080648204e-01 2.573479875599999911e-01 8.156009103950000172e-02 1.073819932160000046e-01 1.601050000000000040e+01 4.151500000000000057e+01 5.055299999999999727e+01 4.757829999999999870e+01 1.264668206581850418e-01 4.969649353165292993e-01
-4.904529999999999723e-01 3.146840000000000193e-01 5.562829999999999719e-01 -4.083300000000000263e-01 -1.215709999999999985e-01 -5.686210000000000431e-01 7.181198576377325615e-01 6.135303972487591295e-01 -5.518889999999999629e-01 2.518233945489223302e-01 6.811272404838655259e-01 nan 5.257374245029433624e-01 2.573479875599999911e-01 8.156009103950000172e-02 1.073819932160000046e-01 1.601050000000000040e+01 4.151500000000000057e+01 5.055299999999999727e+01 4.757829999999999870e+01 6.975147003595993933e-01 5.555746891390604958e-01
-5.223179999999999490e-01 9.249090000000000089e-02 2.915650000000000186e-01 -6.783449999999999758e-01 -2.218130000000000102e-01 -6.091419999999999613e-01 6.918234084825510832e-01 5.825572411722671484e-01 -5.518889999999999629e-01 2.383917228935034105e-01 6.347725408314874862e-01 nan 5.577464734494697041e-01 1.362409604389999973e-01 5.917045019310000070e-02 9.439407683990000408e-02 1.441389999999999993e+01 4.037729999999999819e+01 5.128580000000000183e+01 5.284949999999999903e+01 6.975147003595993933e-01 5.555746891390604958e-01
-5.417760000000000353e-01 -2.885809999999999764e-01 -8.172229999999999772e-02 -3.577190000000000092e-01 -1.399080000000000046e-01 -6.235779999999999657e-01 6.645398328819073219e-01 5.511758793730052730e-01 1.346070000000000079e-02 2.252713232933646337e-01 5.874767018735285173e-01 nan 5.919762992742181318e-01 1.362409604389999973e-01 5.917045019310000070e-02 9.439407683990000408e-02 1.441389999999999993e+01 4.037729999999999819e+01 5.128580000000000183e+01 5.284949999999999903e+01 7.125314456511114836e-01 6.959518120699428323e-01
-5.454010000000000247e-01 -3.792519999999999780e-01 -3.508560000000000012e-01 -4.190599999999999881e-01 -2.416349999999999887e-01 -6.159510000000000263e-01 6.363815927942658712e-01 5.195477292449962592e-01 -2.692140000000000088e-01 2.123889360753238309e-01 5.397756043638407553e-01 nan 6.253068090803935997e-01 8.128047507520000381e-02 4.729585111080000098e-02 6.379602501379999513e-02 1.340680000000000049e+01 3.315859999999999985e+01 5.077199999999999847e+01 5.255360000000000298e+01 7.125314456511114836e-01 6.959518120699428323e-01
-5.445480000000000320e-01 -3.035439999999999805e-01 -3.561840000000000006e-01 -3.328670000000000240e-01 -3.442799999999999749e-01 -6.060889999999999889e-01 6.074649790714017339e-01 4.878370043926391064e-01 -9.759020000000000472e-01 1.996686047908051709e-01 4.922097207976003919e-01 nan 6.575789142100534335e-01 8.128047507520000381e-02 4.729585111080000098e-02 6.379602501379999513e-02 1.340680000000000049e+01 3.315859999999999985e+01 5.077199999999999847e+01 5.255360000000000298e+01 7.079219890628295486e-01 6.894440019803258490e-01
-5.472780000000000422e-01 -5.009700000000000264e-01 -5.720809999999999507e-01 -5.139479999999999604e-01 -3.906459999999999932e-01 -6.104270000000000529e-01 5.779241371351188095e-01 4.562088540249545909e-01 -9.759020000000000472e-01 1.870325368327517834e-01 4.453179916419756079e-01 nan 6.886455181531565550e-01 9.163467092999999508e-02 5.944657795879999818e-02 6.432938832550000319e-02 1.179899999999999949e+01 3.039239999999999853e+01 4.256860000000000355e+01 4.766850000000000165e+01 7.079219890628295486e-01 6.894440019803258490e-01
-5.473749999999999449e-01 -5.012630000000000141e-01 -5.909670000000000201e-01 -2.269390000000000018e-01 -3.392459999999999920e-01 -6.162699999999999845e-01 5.479052427341978282e-01 4.248274917490576508e-01 -9.759020000000000472e-01 1.744019848569476894e-01 3.996317189252837077e-01 nan 7.183731832097994818e-01 9.163467092999999508e-02 5.944657795879999818e-02 6.432938832550000319e-02 1.179899999999999949e+01 3.039239999999999853e+01 4.256860000000000355e+01 4.766850000000000165e+01 6.542032996712676685e-01 8.527419621011543827e-01
-5.452529999999999877e-01 -3.494010000000000171e-01 -4.418500000000000205e-01 -2.011290000000000022e-01 -2.125350000000000017e-01 -6.205399999999999805e-01 5.175576227121065909e-01 3.938543349643712776e-01 -9.759020000000000472e-01 1.616981390208942493e-01 3.556685463727135010e-01 nan 7.466436423926754440e-01 1.182081275330000014e-01 6.638014528879999931e-02 6.604344603629999644e-02 1.470079999999999920e+01 2.652420000000000044e+01 3.658059999999999690e+01 4.165149999999999864e+01 6.542032996712676685e-01 8.527419621011543827e-01
-5.467340000000000533e-01 -4.556479999999999975e-01 -5.312710000000000488e-01 -5.285830000000000251e-01 -3.717570000000000041e-01 -6.219449999999999701e-01 4.870369075238193401e-01 3.634461759389923108e-01 -6.932270000000000376e-01 1.488430199308159452e-01 3.139265942960778322e-01 nan 7.733551394392970124e-01 1.182081275330000014e-01 6.638014528879999931e-02 6.604344603629999644e-02 1.470079999999999920e+01 2.652420000000000044e+01 3.658059999999999690e+01 4.165149999999999864e+01 3.844008992555933979e-01 5.374647523516370429e-01
-5.491489999999999982e-01 -7.920949999999999935e-01 -9.268840000000000412e-01 -5.104809999999999626e-01 -4.172500000000000098e-01 -6.236089999999999689e-01 4.565048014258762388e-01 3.337534052906435678e-01 4.374730000000000008e-01 1.357603621793513904e-01 2.748788156916427416e-01 nan 7.984235817511100564e-01 1.219540149899999981e-01 6.382133923369999462e-02 7.436304119360000187e-02 1.038490000000000002e+01 2.842810000000000059e+01 3.675939999999999941e+01 3.858990000000000009e+01 3.844008992555933979e-01 5.374647523516370429e-01
-5.500260000000000149e-01 -1.106959999999999944e+00 -1.326810000000000045e+00 -3.942959999999999798e-01 -3.639419999999999877e-01 -6.272919999999999607e-01 4.261201657572016854e-01 3.049183080008808222e-01 1.850850000000000106e+00 1.253726531876897532e-01 2.389676374936972048e-01 nan 8.217834931962376688e-01 1.219540149899999981e-01 6.382133923369999462e-02 7.436304119360000187e-02 1.038490000000000002e+01 2.842810000000000059e+01 3.675939999999999941e+01 3.858990000000000009e+01 2.554698713364851326e-01 5.633811912090751495e-01
-5.492540000000000200e-01 -8.071300000000000141e-01 -9.162709999999999466e-01 -1.997939999999999994e-01 -3.979750000000000232e-01 -6.296779999999999600e-01 3.960395997286745295e-01 2.770734512693985296e-01 1.285500000000000087e+00 1.148959361988237671e-01 2.065999477006027485e-01 nan 8.433887559802165645e-01 1.442605535250000015e-01 5.716585423500000068e-02 6.729005889660000239e-02 1.372620000000000040e+01 2.802939999999999898e+01 3.502470000000000283e+01 3.899080000000000013e+01 2.554698713364851326e-01 5.633811912090751495e-01
-5.463219999999999743e-01 -4.227899999999999991e-01 -4.470999999999999974e-01 -4.703709999999999836e-01 -4.504449999999999843e-01 -6.289050000000000473e-01 3.664196234476548852e-01 2.503401824746857018e-01 -4.105519999999999725e-01 1.044489166025213134e-01 1.781424851711874702e-01 nan 8.632131331790361406e-01 1.442605535250000015e-01 5.716585423500000068e-02 6.729005889660000239e-02 1.372620000000000040e+01 2.802939999999999898e+01 3.502470000000000283e+01 3.899080000000000013e+01 2.128221089292788859e-01 6.144822093548872877e-01
-5.495290000000000452e-01 -9.382970000000000477e-01 -8.492969999999999686e-01 -4.690599999999999770e-01 -5.454529999999999657e-01 -6.295650000000000412e-01 3.374082544860688149e-01 2.248272542597395951e-01 7.201480000000000103e-01 9.414996330522540369e-02 1.539176843269349781e-01 nan 8.812505660139718922e-01 1.796830026569999905e-01 6.746757446359999411e-02 6.590594542619999940e-02 9.567679999999999296e+00 2.719190000000000040e+01 3.496269999999999811e+01 3.707880000000000109e+01 2.128221089292788859e-01 6.144822093548872877e-01
-5.497530000000000472e-01 -1.027549999999999963e+00 -8.693309999999999649e-01 -4.893250000000000099e-01 -6.303130000000000122e-01 -6.313999999999999613e-01 3.091443515597221969e-01 2.006295923211656174e-01 1.426840000000000108e+00 8.411576756304750546e-02 1.257603001911424823e-01 nan 8.975152424999680578e-01 1.796830026569999905e-01 6.746757446359999411e-02 6.590594542619999940e-02 9.567679999999999296e+00 2.719190000000000040e+01 3.496269999999999811e+01 3.707880000000000109e+01 7.559611694438299612e-01 7.735719769535986945e-01
-5.496140000000000470e-01 -9.402190000000000270e-01 -9.582410000000000094e-01 -2.792939999999999867e-01 -2.909559999999999924e-01 -6.312579999999999858e-01 2.817642157123734226e-01 1.778272198631040135e-01 1.547979999999999912e-01 7.446002082320757332e-02 1.015377300933634208e-01 nan 9.120414366897606762e-01 1.819832951960000111e-01 5.775213724670000270e-02 5.669983226499999973e-02 1.139179999999999993e+01 1.859900000000000020e+01 2.652339999999999876e+01 3.761500000000000199e+01 7.559611694438299612e-01 7.735719769535986945e-01
-5.489220000000000210e-01 -7.388400000000000523e-01 -7.935140000000000526e-01 1.543190000000000117e-01 -1.467539999999999956e-01 -6.273739999999999872e-01 2.553968715658413435e-01 1.564843509023513546e-01 -1.278769999999999907e-01 6.529212655450866709e-02 8.089931670922601015e-02 nan 9.248831203351635111e-01 1.819832951960000111e-01 5.775213724670000270e-02 5.669983226499999973e-02 1.139179999999999993e+01 1.859900000000000020e+01 2.652339999999999876e+01 3.761500000000000199e+01 7.372198186055365365e-01 8.416169791420022861e-01
-5.500760000000000094e-01 -1.119320000000000093e+00 -1.232299999999999951e+00 -4.120920000000000138e-01 -5.440749999999999753e-01 -6.228420000000000067e-01 2.301546146392218217e-01 1.366486626978917762e-01 4.374730000000000008e-01 5.671596066231998634e-02 6.345379278663620948e-02 nan 9.361133513655548466e-01 1.842520490790000021e-01 6.196943652439999839e-02 5.891292121549999983e-02 1.209830000000000005e+01 2.079650000000000176e+01 2.934639999999999915e+01 3.435540000000000305e+01 7.372198186055365365e-01 8.416169791420022861e-01
-5.496339999999999559e-01 -1.004550000000000054e+00 -7.848410000000000108e-01 -9.093700000000000117e-01 -7.929730000000000389e-01 -6.183100000000000263e-01 2.061602305413631209e-01 1.183507555485018292e-01 1.346070000000000079e-02 4.882869453306160068e-02 4.877371436008670624e-02 nan 9.458234461123447012e-01 1.842520490790000021e-01 6.196943652439999839e-02 5.891292121549999983e-02 1.209830000000000005e+01 2.079650000000000176e+01 2.934639999999999915e+01 3.435540000000000305e+01 7.065329787069858369e-01 9.611145790731214777e-01
-5.458650000000000446e-01 -3.938559999999999839e-01 -3.784429999999999739e-01 -7.862630000000000452e-01 -7.930350000000000454e-01 -6.080980000000000274e-01 1.834798101552700400e-01 1.016038060791376596e-01 -8.345639999999999725e-01 4.171969404357012134e-02 3.640030386158465969e-02 nan 9.541219446584520147e-01 2.088373063479999903e-01 6.683076497230000523e-02 6.807116070129999585e-02 1.196240000000000059e+01 2.376099999999999923e+01 2.854309999999999903e+01 3.879679999999999751e+01 7.065329787069858369e-01 9.611145790731214777e-01
-5.420350000000000446e-01 -1.899750000000000050e-01 -2.244579999999999909e-01 -8.114329999999999599e-01 -8.341730000000000533e-01 -6.056939999999999547e-01 1.621879903612524210e-01 8.640341794451000812e-02 -9.759020000000000472e-01 3.546950701000362027e-02 2.584864825381383291e-02 nan 9.611333810357945984e-01 2.088373063479999903e-01 6.683076497230000523e-02 6.807116070129999585e-02 1.196240000000000059e+01 2.376099999999999923e+01 2.854309999999999903e+01 3.879679999999999751e+01 7.545773035707855625e-01 9.824246077017456669e-01
-5.448399999999999910e-01 -3.077300000000000035e-01 -3.709910000000000152e-01 -8.046750000000000291e-01 -8.850190000000000001e-01 -6.196909999999999918e-01 1.423661740612598425e-01 7.272767164143212337e-02 -9.759020000000000472e-01 3.014895054890076587e-02 1.661319328861043942e-02 nan 9.669968722049461229e-01 1.833757116510000007e-01 5.915915595190000126e-02 4.805577658239999772e-02 1.546400000000000041e+01 3.024800000000000111e+01 3.553349999999999653e+01 3.956049999999999756e+01 7.545773035707855625e-01 9.824246077017456669e-01
-5.473770000000000024e-01 -4.947389999999999843e-01 -5.579190000000000538e-01 -8.241709999999999869e-01 -9.047520000000000007e-01 -6.279109999999999969e-01 1.240212309285099179e-01 6.053737286554983221e-02 -9.759020000000000472e-01 2.581830869095202985e-02 8.173471638603047040e-03 nan 9.718645418043851958e-01 1.833757116510000007e-01 5.915915595190000126e-02 4.805577658239999772e-02 1.546400000000000041e+01 3.024800000000000111e+01 3.553349999999999653e+01 3.956049999999999756e+01 7.799550372203329918e-01 9.355927703754726155e-01
-5.491989999999999927e-01 -7.735589999999999966e-01 -8.128220000000000445e-01 -9.595460000000000100e-01 -9.200909999999999922e-01 -6.308679999999999843e-01 1.071783161746970858e-01 4.977649659847127595e-02 -9.759020000000000472e-01 2.252664933884485077e-02 0.000000000000000000e+00 nan 9.758997965288848109e-01 1.543981213900000038e-01 5.676066878049999820e-02 4.620025970029999901e-02 1.906879999999999953e+01 4.279290000000000305e+01 5.040019999999999811e+01 5.021029999999999660e+01 7.799550372203329918e-01 9.355927703754726155e-01
-5.497079999999999744e-01 -1.004369999999999985e+00 -8.218379999999999574e-01 -9.207109999999999461e-01 -9.928970000000000296e-01 -6.317779999999999507e-01 9.185742272708152800e-02 4.037282189361146578e-02 -2.692140000000000088e-01 1.731509358372107510e-02 0.000000000000000000e+00 nan 9.792754746663674403e-01 1.543981213900000038e-01 5.676066878049999820e-02 4.620025970029999901e-02 1.906879999999999953e+01 4.279290000000000305e+01 5.040019999999999811e+01 5.021029999999999660e+01 6.180067186945360502e-01 8.665863056159459621e-01
-5.504200000000000204e-01 -1.575110000000000010e+00 -1.731409999999999894e+00 -7.902500000000000080e-01 -8.712959999999999594e-01 -6.286209999999999853e-01 7.802686264773539548e-02 3.223875016837529639e-02 7.201480000000000103e-01 1.292242504202223419e-02 0.000000000000000000e+00 nan 9.821718877710401419e-01 1.534728901890000108e-01 3.420200279990000258e-02 4.910048746480000226e-02 2.854350000000000165e+01 6.347440000000000282e+01 6.612959999999999638e+01 5.760880000000000223e+01 6.180067186945360502e-01 8.665863056159459621e-01
-5.504529999999999701e-01 -1.706930000000000058e+00 -1.775959999999999983e+00 -7.659589999999999455e-01 -8.790999999999999925e-01 -6.264539999999999553e-01 6.564685635061529023e-02 2.527229773110095667e-02 1.426840000000000108e+00 9.176495360249559141e-03 0.000000000000000000e+00 nan 9.847747776614358406e-01 1.534728901890000108e-01 3.420200279990000258e-02 4.910048746480000226e-02 2.854350000000000165e+01 6.347440000000000282e+01 6.612959999999999638e+01 5.760880000000000223e+01 6.902043903016210624e-01 8.454951173486593419e-01
-5.490859999999999630e-01 -8.112420000000000186e-01 -8.430769999999999653e-01 5.389709999999999779e-01 3.597080000000000277e-01 -6.265589999999999771e-01 5.469896004757091035e-02 1.935825129703694358e-02 2.698869999999999880e+00 5.897828375198366224e-03 0.000000000000000000e+00 nan 9.872732118913913890e-01 1.743737561110000056e-01 2.820751522470000064e-02 4.634787181200000078e-02 3.614529999999999887e+01 6.572150000000000603e+01 6.558029999999999404e+01 5.455939999999999657e+01 6.902043903016210624e-01 8.454951173486593419e-01
-5.439479999999999871e-01 -3.313590000000000146e-01 -5.507069999999999466e-01 1.437060000000000004e+00 9.635049999999999448e-01 -6.280059999999999532e-01 4.510614665027512515e-02 1.436947340089533842e-02 1.568170000000000064e+00 2.901653650600688472e-03 0.000000000000000000e+00 nan 9.898574415391147019e-01 1.743737561110000056e-01 2.820751522470000064e-02 4.634787181200000078e-02 3.614529999999999887e+01 6.572150000000000603e+01 6.558029999999999404e+01 5.455939999999999657e+01 7.750369116640858369e-01 7.866449978833472967e-01
-5.430530000000000079e-01 -2.857330000000000148e-01 -5.449070000000000302e-01 1.545709999999999917e+00 1.088440000000000074e+00 -6.274469999999999770e-01 3.678072807676846523e-02 1.016834291513513122e-02 1.285500000000000087e+00 0.000000000000000000e+00 0.000000000000000000e+00 nan 9.927167455864480683e-01 1.966302814950000033e-01 2.689007383750000035e-02 3.780508298330000072e-02 2.143789999999999907e+01 5.201760000000000161e+01 5.144489999999999696e+01 4.505749999999999744e+01 7.750369116640858369e-01 7.866449978833472967e-01
-4.518369999999999886e-01 4.644550000000000067e-01 -8.612220000000000431e-01 3.004290000000000127e+00 2.107940000000000147e+00 -6.288129999999999553e-01 2.963033146499138848e-02 6.608314352327671060e-03 4.394919999999999938e+00 0.000000000000000000e+00 0.000000000000000000e+00 nan 9.960372863123727605e-01 1.966302814950000033e-01 2.689007383750000035e-02 3.780508298330000072e-02 2.143789999999999907e+01 5.201760000000000161e+01 5.144489999999999696e+01 4.505749999999999744e+01 7.625461074270898365e-01 7.554441024316391751e-01
-5.416149999999999576e-01 -2.835170000000000190e-01 -7.567939999999999667e-01 1.835350000000000037e+00 1.314710000000000045e+00 -6.311229999999999896e-01 2.354112830583343641e-02 3.535578284085461043e-03 5.242950000000000443e+00 0.000000000000000000e+00 0.000000000000000000e+00 nan 1.000000000000000000e+00 1.610566323260000099e-01 5.153990499020000282e-02 4.096821077340000172e-02 2.594790000000000063e+01 5.327020000000000266e+01 5.697970000000000113e+01 4.987830000000000297e+01 7.625461074270898365e-01 7.554441024316391751e-01
-5.482219999999999871e-01 -6.587920000000000442e-01 -6.906569999999999654e-01 8.461990000000000345e-01 4.098919999999999786e-01 -6.304119999999999724e-01 1.837132878239877698e-02 1.757857978640919860e-03 1.992189999999999905e+00 0.000000000000000000e+00 0.000000000000000000e+00 nan 9.989700076858673006e-01 1.610566323260000099e-01 5.153990499020000282e-02 4.096821077340000172e-02 2.594790000000000063e+01 5.327020000000000266e+01 5.697970000000000113e+01 4.987830000000000297e+01 1.702823806608603219e-01 6.544833573698976004e-01
-5.485919999999999686e-01 -7.193990000000000107e-01 -6.507500000000000506e-01 3.481719999999999815e-01 1.058430000000000065e-01 -6.289369999999999683e-01 1.398066255897278953e-02 1.765546182741495329e-04 7.201480000000000103e-01 0.000000000000000000e+00 0.000000000000000000e+00 nan 9.985489594284199244e-01 1.789050210750000036e-01 7.026763968480000122e-02 3.903280752970000184e-02 1.431470000000000020e+01 3.930819999999999936e+01 5.030349999999999966e+01 5.163490000000000180e+01 1.702823806608603219e-01 6.544833573698976004e-01
-5.500080000000000524e-01 -1.166479999999999961e+00 -1.197599999999999998e+00 1.864000000000000101e-01 -5.235030000000000239e-02 -6.310789999999999456e-01 1.026932989441287081e-02 0.000000000000000000e+00 2.274859999999999882e+00 0.000000000000000000e+00 0.000000000000000000e+00 nan 9.985230665362994085e-01 1.789050210750000036e-01 7.026763968480000122e-02 3.903280752970000184e-02 1.431470000000000020e+01 3.930819999999999936e+01 5.030349999999999966e+01 5.163490000000000180e+01 8.346614673093841752e-01 9.436181128068250601e-01
-5.495269999999999877e-01 -8.954100000000000392e-01 -8.416949999999999710e-01 -3.222960000000000269e-01 -5.106330000000000036e-01 -6.280639999999999556e-01 7.088504407760432002e-03 1.248431550204709417e-03 1.144160000000000066e+00 0.000000000000000000e+00 0.000000000000000000e+00 nan 9.986740630499630900e-01 2.148596057399999870e-01 8.490138437619999812e-02 3.938371373599999781e-02 9.531019999999999825e+00 2.125989999999999824e+01 3.355749999999999744e+01 4.079070000000000107e+01 8.346614673093841752e-01 9.436181128068250601e-01
-5.491479999999999695e-01 -7.650419999999999998e-01 -8.107820000000000027e-01 -5.904930000000000456e-01 -5.477509999999999879e-01 -6.179580000000000073e-01 4.302552889218991261e-03 2.712406174109727175e-03 -6.932270000000000376e-01 0.000000000000000000e+00 0.000000000000000000e+00 nan 9.987816787822190179e-01 2.148596057399999870e-01 8.490138437619999812e-02 3.938371373599999781e-02 9.531019999999999825e+00 2.125989999999999824e+01 3.355749999999999744e+01 4.079070000000000107e+01 7.569128987617229631e-01 8.513141184320983657e-01
-5.500359999999999694e-01 -1.149149999999999894e+00 -1.013090000000000046e+00 -6.748140000000000249e-01 -7.732350000000000056e-01 -6.164880000000000360e-01 1.799286865725502338e-03 4.449296928361157200e-03 -8.345639999999999725e-01 0.000000000000000000e+00 0.000000000000000000e+00 nan 9.986261350674624504e-01 1.738215961250000052e-01 7.699300942009999760e-02 4.626865491349999721e-02 7.863789999999999836e+00 1.306879999999999953e+01 2.164089999999999847e+01 3.215959999999999752e+01 7.569128987617229631e-01 8.513141184320983657e-01
-5.466010000000000035e-01 -4.460729999999999973e-01 -4.380009999999999737e-01 -8.182110000000000216e-01 -7.662179999999999547e-01 -6.121830000000000327e-01 3.007126819537520035e-04 6.513384620795759083e-03 -8.345639999999999725e-01 0.000000000000000000e+00 0.000000000000000000e+00 nan 9.979906349417768663e-01 1.738215961250000052e-01 7.699300942009999760e-02 4.626865491349999721e-02 7.863789999999999836e+00 1.306879999999999953e+01 2.164089999999999847e+01 3.215959999999999752e+01 7.170740239630009061e-01 8.772126195550006278e-01
-5.362839999999999829e-01 -3.224550000000000333e-02 -4.941070000000000184e-02 -7.948420000000000485e-01 -8.333169999999999744e-01 -6.111029999999999518e-01 0.000000000000000000e+00 8.955242787200168308e-03 -9.759020000000000472e-01 0.000000000000000000e+00 0.000000000000000000e+00 nan 9.966638195391620547e-01 1.596292130810000043e-01 6.665580784300000061e-02 5.523377655419999671e-02 5.559470000000000134e+00 1.148259999999999970e+01 1.694259999999999877e+01 2.089069999999999894e+01 7.170740239630009061e-01 8.772126195550006278e-01
-5.439040000000000541e-01 -2.635480000000000045e-01 -3.142840000000000078e-01 -7.461079999999999934e-01 -7.762219999999999676e-01 -6.166890000000000427e-01 0.000000000000000000e+00 1.182116467294069828e-02 -9.759020000000000472e-01 0.000000000000000000e+00 0.000000000000000000e+00 nan 9.944421628719413153e-01 1.596292130810000043e-01 6.665580784300000061e-02 5.523377655419999671e-02 5.559470000000000134e+00 1.148259999999999970e+01 1.694259999999999877e+01 2.089069999999999894e+01 1.000000000000000000e+00 1.000000000000000000e+00
-5.487539999999999640e-01 -7.273800000000000265e-01 -6.328409999999999869e-01 -8.065290000000000514e-01 -8.313730000000000286e-01 -6.259310000000000151e-01 0.000000000000000000e+00 1.515263871199712398e-02 2.961360000000000103e-01 0.000000000000000000e+00 0.000000000000000000e+00 nan 9.911322778615263562e-01 1.355310578579999869e-01 5.854602006719999974e-02 5.554574791309999787e-02 8.349510000000000431e+00 1.543619999999999948e+01 1.842790000000000106e+01 1.990749999999999886e+01 1.000000000000000000e+00 1.000000000000000000e+00
-5.504559999999999453e-01 -1.730790000000000051e+00 -1.647359999999999935e+00 -6.710380000000000233e-01 -8.521450000000000413e-01 -6.303980000000000139e-01 0.000000000000000000e+00 1.898587844642629641e-02 1.568170000000000064e+00 0.000000000000000000e+00 0.000000000000000000e+00 nan 9.865531074912907705e-01 1.355310578579999869e-01 5.854602006719999974e-02 5.554574791309999787e-02 8.349510000000000431e+00 1.543619999999999948e+01 1.842790000000000106e+01 1.990749999999999886e+01 7.055761049062931889e-01 8.618363935108451779e-01
-5.496330000000000382e-01 -9.043710000000000360e-01 -9.158030000000000337e-01 -8.255069999999999908e-01 -8.841259999999999675e-01 -6.274279999999999857e-01 0.000000000000000000e+00 2.335141221246173071e-02 1.547979999999999912e-01 0.000000000000000000e+00 0.000000000000000000e+00 nan 9.805379762549165656e-01 8.302379209070000210e-02 5.705235680410000038e-02 4.555375473230000027e-02 6.810080000000000133e+00 1.528659999999999997e+01 1.757760000000000034e+01 1.727329999999999899e+01 7.055761049062931889e-01 8.618363935108451779e-01
-5.482390000000000319e-01 -6.264539999999999553e-01 -5.821549999999999780e-01 -8.073369999999999713e-01 -8.897380000000000289e-01 -6.244920000000000471e-01 0.000000000000000000e+00 2.827373724226422969e-02 -5.518889999999999629e-01 0.000000000000000000e+00 0.000000000000000000e+00 nan 9.729364786564786982e-01 8.302379209070000210e-02 5.705235680410000038e-02 4.555375473230000027e-02 6.810080000000000133e+00 1.528659999999999997e+01 1.757760000000000034e+01 1.727329999999999899e+01 6.850496185366004021e-01 8.932812421522410284e-01
-5.490549999999999597e-01 -7.879019999999999913e-01 -6.829929999999999612e-01 -7.669460000000000166e-01 -8.148779999999999912e-01 -6.255009999999999737e-01 0.000000000000000000e+00 3.377104210049397537e-02 -5.518889999999999629e-01 0.000000000000000000e+00 0.000000000000000000e+00 nan 9.636161833648151376e-01 6.042380707420000330e-02 6.008983790269999820e-02 4.203744784530000222e-02 1.187829999999999941e+01 1.450970000000000049e+01 1.547869999999999990e+01 1.561839999999999939e+01 6.850496185366004021e-01 8.932812421522410284e-01
-5.473470000000000280e-01 -4.930089999999999750e-01 -5.455179999999999474e-01 -1.002650000000000041e+00 -1.040599999999999969e+00 -6.185009999999999675e-01 0.000000000000000000e+00 3.985500060060498395e-02 -9.759020000000000472e-01 0.000000000000000000e+00 0.000000000000000000e+00 nan 9.524641337134244212e-01 6.042380707420000330e-02 6.008983790269999820e-02 4.203744784530000222e-02 1.187829999999999941e+01 1.450970000000000049e+01 1.547869999999999990e+01 1.561839999999999939e+01 7.794714558371874658e-01 8.905941695187664653e-01
-5.465109999999999690e-01 -4.257420000000000093e-01 -4.580989999999999784e-01 -8.592929999999999735e-01 -9.150960000000000205e-01 -6.148730000000000029e-01 0.000000000000000000e+00 4.653063953587355250e-02 -9.759020000000000472e-01 0.000000000000000000e+00 0.000000000000000000e+00 nan 9.393881275446325230e-01 5.222851835219999989e-02 5.476457704050000097e-02 3.664372454889999742e-02 7.642929999999999779e+00 1.593709999999999916e+01 1.820670000000000144e+01 1.725250000000000128e+01 7.794714558371874658e-01 8.905941695187664653e-01
-5.491150000000000198e-01 -7.469529999999999781e-01 -8.071570000000000134e-01 -7.876539999999999653e-01 -8.898430000000000506e-01 -6.183589999999999920e-01 0.000000000000000000e+00 5.379628172382222573e-02 -9.759020000000000472e-01 0.000000000000000000e+00 0.000000000000000000e+00 nan 9.243177618968821951e-01 5.222851835219999989e-02 5.476457704050000097e-02 3.664372454889999742e-02 7.642929999999999779e+00 1.593709999999999916e+01 1.820670000000000144e+01 1.725250000000000128e+01 6.315521419054136443e-01 8.395182642013044871e-01
-5.493620000000000170e-01 -8.007220000000000448e-01 -8.853539999999999743e-01 -7.141020000000000145e-01 -8.861219999999999652e-01 -6.244089999999999918e-01 0.000000000000000000e+00 6.164356500936740701e-02 -9.759020000000000472e-01 0.000000000000000000e+00 0.000000000000000000e+00 nan 9.072052306984177417e-01 5.998040169729999815e-02 5.080757444799999939e-02 3.588859111530000312e-02 9.539360000000000284e+00 1.721069999999999922e+01 1.864949999999999974e+01 1.739999999999999858e+01 6.315521419054136443e-01 8.395182642013044871e-01
-5.458950000000000191e-01 -3.896069999999999811e-01 -3.909309999999999730e-01 -7.548359999999999514e-01 -9.355320000000000302e-01 -6.234490000000000309e-01 0.000000000000000000e+00 7.005753701137751310e-02 -9.759020000000000472e-01 0.000000000000000000e+00 0.000000000000000000e+00 nan 8.880258664291814652e-01 5.998040169729999815e-02 5.080757444799999939e-02 3.588859111530000312e-02 9.539360000000000284e+00 1.721069999999999922e+01 1.864949999999999974e+01 1.739999999999999858e+01 5.583924520148366710e-01 8.619942455747607868e-01
-5.484210000000000473e-01 -6.278639999999999777e-01 -6.662470000000000336e-01 -7.927319999999999922e-01 -9.170679999999999943e-01 -6.222140000000000448e-01 0.000000000000000000e+00 7.901682453912639570e-02 -8.345639999999999725e-01 0.000000000000000000e+00 0.000000000000000000e+00 nan 8.667784196136717467e-01 9.603589127019999949e-02 5.636989719809999688e-02 4.392966690240000111e-02 9.243800000000000239e+00 1.386289999999999978e+01 1.509939999999999927e+01 1.521400000000000041e+01 5.583924520148366710e-01 8.619942455747607868e-01
-5.503090000000000481e-01 -1.412069999999999936e+00 -1.247829999999999995e+00 -7.880669999999999620e-01 -8.924980000000000135e-01 -6.254729999999999457e-01 0.000000000000000000e+00 8.849387575908418402e-02 -4.105519999999999725e-01 0.000000000000000000e+00 0.000000000000000000e+00 nan 8.434850729780003498e-01 9.603589127019999949e-02 5.636989719809999688e-02 4.392966690240000111e-02 9.243800000000000239e+00 1.386289999999999978e+01 1.509939999999999927e+01 1.521400000000000041e+01 6.226676201108121145e-01 8.748591887838932379e-01
-5.486320000000000086e-01 -6.829680000000000195e-01 -6.471440000000000525e-01 -9.985340000000000327e-01 -1.005020000000000024e+00 -6.293290000000000273e-01 0.000000000000000000e+00 9.845527236820006411e-02 -5.518889999999999629e-01 0.000000000000000000e+00 0.000000000000000000e+00 nan 8.181911901107415952e-01 1.021268702730000061e-01 4.527324691980000315e-02 4.533125360299999906e-02 9.928430000000000533e+00 1.509849999999999959e+01 1.487170000000000059e+01 1.374970000000000070e+01 6.226676201108121145e-01 8.748591887838932379e-01
-5.482900000000000551e-01 -6.091379999999999573e-01 -6.470890000000000253e-01 -8.652060000000000306e-01 -9.712499999999999467e-01 -6.271330000000000515e-01 0.000000000000000000e+00 1.088621082366301174e-01 -9.759020000000000472e-01 0.000000000000000000e+00 0.000000000000000000e+00 nan 7.909648014753472012e-01 1.021268702730000061e-01 4.527324691980000315e-02 4.533125360299999906e-02 9.928430000000000533e+00 1.509849999999999959e+01 1.487170000000000059e+01 1.374970000000000070e+01 6.075737075773086637e-01 8.396438283430556204e-01
-5.486100000000000421e-01 -6.649439999999999795e-01 -6.717020000000000213e-01 -8.640970000000000040e-01 -1.000660000000000105e+00 -6.271780000000000133e-01 0.000000000000000000e+00 1.196704302297334488e-01 -8.345639999999999725e-01 0.000000000000000000e+00 0.000000000000000000e+00 nan 7.618958335978119889e-01 6.721817590930000141e-02 4.046747298049999803e-02 3.784975331680000277e-02 8.491450000000000387e+00 1.466080000000000005e+01 1.441029999999999944e+01 -1.000000000000000000e+00 6.075737075773086637e-01 8.396438283430556204e-01
-5.502209999999999601e-01 -1.316070000000000073e+00 -1.138679999999999914e+00 -8.482819999999999805e-01 -9.705500000000000238e-01 -6.279909999999999659e-01 0.000000000000000000e+00 1.308317362146509399e-01 -8.345639999999999725e-01 0.000000000000000000e+00 0.000000000000000000e+00 nan 7.310950901632020660e-01 6.721817590930000141e-02 4.046747298049999803e-02 3.784975331680000277e-02 8.491450000000000387e+00 1.466080000000000005e+01 1.441029999999999944e+01 -1.000000000000000000e+00 7.099077594234064481e-01 9.507214556830330121e-01
-5.490380000000000260e-01 -7.332180000000000364e-01 -7.809150000000000258e-01 -7.816279999999999895e-01 -9.573439999999999728e-01 -6.206080000000000485e-01 0.000000000000000000e+00 1.422935246088508077e-01 -9.759020000000000472e-01 0.000000000000000000e+00 0.000000000000000000e+00 nan 6.986929965656265562e-01 4.896283615449999876e-02 2.995155202770000136e-02 3.150427610849999838e-02 8.263849999999999696e+00 1.047029999999999994e+01 -1.000000000000000000e+00 -1.000000000000000000e+00 7.099077594234064481e-01 9.507214556830330121e-01
-5.491589999999999527e-01 -7.582219999999999516e-01 -8.107999999999999652e-01 -9.059019999999999850e-01 -1.021060000000000079e+00 -6.155620000000000536e-01 0.000000000000000000e+00 1.539998892440377354e-01 -9.759020000000000472e-01 0.000000000000000000e+00 0.000000000000000000e+00 nan 6.677889367654220587e-01 4.896283615449999876e-02 2.995155202770000136e-02 3.150427610849999838e-02 8.263849999999999696e+00 1.047029999999999994e+01 -1.000000000000000000e+00 -1.000000000000000000e+00 6.970877082872473096e-01 8.730474775957696165e-01
-5.478269999999999529e-01 -5.523930000000000229e-01 -5.768499999999999739e-01 -8.038899999999999935e-01 -8.792470000000000008e-01 -6.175359999999999738e-01 0.000000000000000000e+00 1.658921528053783900e-01 -9.759020000000000472e-01 0.000000000000000000e+00 0.000000000000000000e+00 nan 6.358753415674550657e-01 3.957864640489999752e-02 2.443267142239999995e-02 3.064886121509999978e-02 3.127749999999999808e+00 -1.000000000000000000e+00 -1.000000000000000000e+00 -1.000000000000000000e+00 6.970877082872473096e-01 8.730474775957696165e-01
-5.469699999999999562e-01 -4.552280000000000215e-01 -5.192729999999999846e-01 -8.287210000000000409e-01 -9.189519999999999911e-01 -6.179360000000000408e-01 0.000000000000000000e+00 1.779095316689242035e-01 -9.759020000000000472e-01 0.000000000000000000e+00 0.000000000000000000e+00 nan 6.033138047573443075e-01 3.957864640489999752e-02 2.443267142239999995e-02 3.064886121509999978e-02 3.127749999999999808e+00 -1.000000000000000000e+00 -1.000000000000000000e+00 -1.000000000000000000e+00 0.000000000000000000e+00 0.000000000000000000e+00
